Latency: 7.500000
Area   : 474.000000