Latency: 5.200000
Area   : 798.000000