Latency: 4.500000
Area   : 873.000000