Latency: 7.800000
Area   : 1047.000000