Latency: 14.600001
Area   : 6687.000000