Latency: 6.200000
Area   : 234.000000