Latency: 6.200000
Area   : 243.000000