Latency: 3.000000
Area   : 78.000000