Latency: 2.000000
Area   : 66.000000