Latency: 16.700001
Area   : 11943.000000