Latency: 6.500000
Area   : 234.000000