Latency: 5.000000
Area   : 1713.000000