Latency: 9.300000
Area   : 4242.000000