Latency: 5.000000
Area   : 1023.000000