Latency: 3.000000
Area   : 441.000000