Latency: 4.000000
Area   : 1110.000000