Latency: 19.900002
Area   : 13086.000000