Latency: 3.000000
Area   : 75.000000