Latency: 5.000000
Area   : 963.000000