Latency: 4.000000
Area   : 477.000000