Latency: 1.000000
Area   : 24.000000