Latency: 6.100000
Area   : 600.000000