Latency: 6.100000
Area   : 546.000000