Latency: 15.500002
Area   : 8031.000000