Latency: 2.000000
Area   : 54.000000