Latency: 2.000000
Area   : 132.000000