Latency: 4.000000
Area   : 387.000000