Latency: 4.000000
Area   : 369.000000