Latency: 17.500002
Area   : 3438.000000