Latency: 10.000001
Area   : 4800.000000