Latency: 11.999999
Area   : 2175.000000