Latency: 2.000000
Area   : 24.000000