Latency: 12.900002
Area   : 2631.000000