Latency: 3.000000
Area   : 423.000000