Latency: 14.800002
Area   : 16731.000000