Latency: 5.000000
Area   : 876.000000