Latency: 5.000000
Area   : 141.000000