Latency: 6.300000
Area   : 462.000000