Latency: 4.000000
Area   : 231.000000