Latency: 6.400000
Area   : 444.000000