Latency: 8.300000
Area   : 495.000000