Latency: 15.600001
Area   : 12201.000000