Latency: 5.000000
Area   : 1206.000000