Latency: 3.000000
Area   : 84.000000