Latency: 6.000000
Area   : 234.000000