Latency: 15.100001
Area   : 10650.000000