Latency: 3.700000
Area   : 141.000000