Latency: 3.000000
Area   : 69.000000