Latency: 7.000000
Area   : 717.000000