Latency: 5.200000
Area   : 816.000000