Latency: 5.000000
Area   : 1785.000000