Latency: 18.700003
Area   : 7404.000000