Latency: 3.700000
Area   : 294.000000