Latency: 3.000000
Area   : 654.000000