Latency: 4.800000
Area   : 216.000000