Latency: 13.400000
Area   : 2151.000000