Latency: 7.900000
Area   : 669.000000