Latency: 1.000000
Area   : 108.000000