Latency: 6.000000
Area   : 381.000000