Latency: 5.000000
Area   : 1002.000000