Latency: 5.000000
Area   : 1239.000000