Latency: 1.000000
Area   : 30.000000