Latency: 8.300000
Area   : 702.000000