Latency: 3.400000
Area   : 192.000000