Latency: 3.000000
Area   : 111.000000