Latency: 6.800000
Area   : 618.000000