Latency: 16.800001
Area   : 7287.000000