Latency: 2.000000
Area   : 27.000000