Latency: 10.400000
Area   : 1947.000000