Latency: 2.000000
Area   : 45.000000