Latency: 3.000000
Area   : 114.000000