Latency: 4.900000
Area   : 636.000000