Latency: 6.300000
Area   : 324.000000