Latency: 6.200000
Area   : 255.000000