Latency: 5.000000
Area   : 681.000000