Latency: 7.900000
Area   : 693.000000