Latency: 45.700008
Area   : 6720.000000