Latency: 8.700000
Area   : 1827.000000