Latency: 12.200000
Area   : 1980.000000