Latency: 5.800000
Area   : 249.000000