Latency: 14.700001
Area   : 10797.000000