Latency: 17.400002
Area   : 5817.000000