Latency: 18.200001
Area   : 6996.000000