Latency: 7.200000
Area   : 423.000000