Latency: 7.900000
Area   : 297.000000