Latency: 7.900000
Area   : 912.000000