Latency: 5.000000
Area   : 1605.000000