Latency: 8.800000
Area   : 3702.000000