Latency: 6.900000
Area   : 630.000000