Latency: 2.000000
Area   : 42.000000