Latency: 15.300002
Area   : 11592.000000