Latency: 13.500001
Area   : 10566.000000