Latency: 8.400000
Area   : 2982.000000