Latency: 7.200000
Area   : 504.000000