Latency: 2.000000
Area   : 75.000000