Latency: 6.200000
Area   : 270.000000