Latency: 16.200001
Area   : 17406.000000