Latency: 8.300000
Area   : 408.000000