Latency: 4.000000
Area   : 111.000000