Latency: 14.800000
Area   : 1011.000000