Latency: 7.200000
Area   : 285.000000