Latency: 18.400002
Area   : 10503.000000