Latency: 18.400002
Area   : 9474.000000