Latency: 6.700000
Area   : 336.000000