Latency: 6.400000
Area   : 237.000000