Latency: 16.700001
Area   : 3105.000000