Latency: 8.300000
Area   : 666.000000