Latency: 9.100000
Area   : 867.000000