Latency: 13.600001
Area   : 15030.000000