Latency: 2.000000
Area   : 21.000000