Latency: 3.000000
Area   : 51.000000