Latency: 16.800001
Area   : 6234.000000