Latency: 2.000000
Area   : 36.000000