Latency: 6.500000
Area   : 543.000000