Latency: 4.000000
Area   : 1806.000000