Latency: 7.800000
Area   : 552.000000