Latency: 13.200001
Area   : 915.000000