Latency: 9.900000
Area   : 618.000000