Latency: 2.000000
Area   : 114.000000