Latency: 5.000000
Area   : 465.000000