Latency: 16.200001
Area   : 8964.000000