Latency: 3.000000
Area   : 90.000000