Latency: 6.800000
Area   : 648.000000