Latency: 4.100000
Area   : 252.000000