Latency: 15.299999
Area   : 1026.000000