Latency: 2.600000
Area   : 168.000000