Latency: 6.600000
Area   : 252.000000