Latency: 10.500000
Area   : 363.000000