Latency: 6.800000
Area   : 699.000000