Latency: 7.200000
Area   : 546.000000