Latency: 6.400000
Area   : 339.000000