Latency: 6.300000
Area   : 246.000000