Latency: 3.000000
Area   : 309.000000