Latency: 5.000000
Area   : 1731.000000