Latency: 8.800000
Area   : 660.000000