Latency: 3.000000
Area   : 318.000000