Latency: 5.000000
Area   : 996.000000