Latency: 2.000000
Area   : 87.000000