Latency: 3.000000
Area   : 102.000000