Latency: 17.700003
Area   : 7929.000000