Latency: 5.000000
Area   : 318.000000