Latency: 2.300000
Area   : 132.000000