Latency: 4.300000
Area   : 684.000000