Latency: 4.800000
Area   : 327.000000