Latency: 9.800000
Area   : 936.000000