Latency: 13.900002
Area   : 2730.000000