Latency: 6.700000
Area   : 303.000000