Latency: 4.000000
Area   : 126.000000