Latency: 2.000000
Area   : 39.000000