Latency: 3.000000
Area   : 96.000000