Latency: 12.300001
Area   : 2337.000000