Latency: 4.700000
Area   : 330.000000