Latency: 11.000000
Area   : 2235.000000