Latency: 2.000000
Area   : 63.000000