Latency: 2.000000
Area   : 51.000000