Latency: 7.900000
Area   : 837.000000