Latency: 8.800000
Area   : 3222.000000