Latency: 6.100000
Area   : 360.000000