Latency: 2.000000
Area   : 48.000000