Latency: 5.800000
Area   : 258.000000