Latency: 19.799999
Area   : 11988.000000