Latency: 5.900000
Area   : 270.000000