Latency: 7.500000
Area   : 759.000000