Latency: 6.800000
Area   : 660.000000