Latency: 4.000000
Area   : 1434.000000