Latency: 13.000000
Area   : 978.000000