Latency: 4.000000
Area   : 255.000000