Latency: 7.800000
Area   : 996.000000