Latency: 7.600000
Area   : 1041.000000