Latency: 4.900000
Area   : 369.000000