Latency: 3.000000
Area   : 168.000000