Latency: 6.000000
Area   : 1758.000000