Latency: 1.000000
Area   : 48.000000