Latency: 3.000000
Area   : 45.000000