Latency: 6.000000
Area   : 375.000000