Latency: 2.000000
Area   : 60.000000