Latency: 14.000001
Area   : 11148.000000