Latency: 12.900001
Area   : 2709.000000