Latency: 14.400001
Area   : 9222.000000